000317
000386
000400
000422
000424
000529
000554
000788
000804
000979
001082
001121
001163
001382
001527
001627
001657
001794
002060
002174
002333
002343
002388
002536
002595
002779
002784
002816
002966
002969
002977
003068
003176
003177
003218
003244
003311
003323
003391
003456
003524
003676
004015
004027
004028
004059
004064
004128
004131
004248
004256
004284
004323
004438
004588
004637
004664
004784
004790
004832
004927
004978
005016
005060
005084
005089
005104
005161
005189
005193
005255
005263
005296
005321
005394
005427
005452
005475
005544
005570
005925
006210
006220
006241
006432
006576
006658
006663
006712
006900
006944
007046
007109
007149
007192
007251
007271
007329
007360
007392
