000008
000117
000176
000179
000322
000397
000483
000543
000585
000719
000759
000766
000911
001159
001244
001264
001294
001442
001586
001751
001765
001903
002021
002417
002436
002458
002477
002687
002768
002796
002808
002943
003022
003025
003056
003210
003279
003374
003411
003442
003464
003505
003545
003548
003585
003588
003592
003660
003690
003709
003742
003802
003821
003884
004014
004078
004202
004222
004249
004262
004369
004440
004531
004556
004645
004781
004859
004937
005003
005144
005177
005213
005297
005402
005505
005521
005607
005833
005862
005866
005883
005978
006018
006136
006173
006345
006363
006459
006509
006721
006727
006762
006838
006884
006898
007013
007112
007310
007407
007467
